688529
858101
382107
332947
635388
821932
106304
846387
739625
693738
472310
425194
975167
423296
355923
340450
201265
123204
53251
567117
727548
363182
614625
931826
498588
661467
503043
359246
855079
799289
903969
897105
581634
746484
821054
683816
639640
475562
356994
996035
906328
741817
105686
317268
478086
111132
821470
748050
759603
749148
625407
228418
634651
972331
932407
775823
791289
686728
348897
938937
62144
412714
798757
484945
905299
933224
448360
684
942636
938008
369057
191787
650262
36021
941002
86498
422723
477215
228778
733287
631516
246328
717469
885042
285179
340659
594431
310643
279877
539959
195626
437609
909039
119392
247409
242723
404809
672255
993323
892105
280640
653131
434451
894751
773658
64486
840173
964870
537167
725602
455664
942993
471466
880947
300921
282744
573945
353333
534561
445914
36741
166466
436226
807119
857276
278193
707140
618467
165108
361305
191867
491307
504675
817673
122530
127580
99336
39201
654410
54471
345966
65186
654197
393440
666928
891834
72801
624175
949811
368777
210362
341750
555250
958332
967621
423522
370678
288938
450354
894434
203050
376497
919327
981971
557000
560997
701685
415690
462941
827686
80489
934283
577895
795638
605925
800464
962582
222390
867593
214062
852958
245998
701083
489604
466709
843923
55637
296601
463839
90270
157913
152327
16620
389110
794555
44432
224824
605339
434332
79064
431474
392240
11797
329054
470769
114319
997835
781756
909117
794559
488148
629519
228950
919191
140318
172268
725192
520644
338226
139790
742989
948110
224540
658859
504878
899507
366172
419302
128822
455525
95653
86572
159714
446063
23323
611545
307876
523801
484659
675791
645178
630944
467437
678828
8145
782455
575133
701074
976776
22897
279738
489311
272633
812620
960521
533458
39612
338135
645618
625156
913777
373484
336998
730085
214616
456486
278823
908086
105324
210849
634080
558065
950877
92955
882545
856922
750949
988266
911492
530794
421968
212327
815440
819248
348770
538094
488121
273186
650367
399155
872436
841902
629890
510688
101591
7971
108570
905287
939752
393301
874186
10380
370008
332913
864202
394095
108101
845712
498057
244223
74430
257334
173088
838770
973822
851214
130866
816044
779285
352865
303138
639793
913713
547033
723905
833126
626778
196359
224266
789766
834806
953676
946157
295827
393932
242936
849486
962214
645719
527571
559864
751285
709939
379898
127843
609849
912051
20247
146625
999221
846758
396718
942643
901116
938976
277577
566605
728913
129383
579187
588392
5028
269142
676055
904359
500300
154879
828905
430768
239989
65801
197651
306865
24007
183012
380288
305779
549426
909350
283101
507895
352054
871884
700649
778769
82220
244463
372981
204943
748482
148477
367449
827260
623938
482124
823328
394326
488534
914746
520305
939098
273281
420796
818923
215132
872243
866095
339469
605950
979674
613854
32245
680928
6121
450098
177469
798453
355214
737579
724303
962004
464049
189169
359897
719877
969582
818909
9084
205967
862292
415943
230576
631250
591704
940219
233744
517696
66574
928309
186857
708646
321048
582105
929481
889542
985437
920669
98447
232104
451204
683371
157997
742716
583271
953209
215255
976364
249334
569117
674126
845169
555937
134813
622789
823182
87293
428676
652850
879359
343300
431097
914649
680037
663062
54361
240560
398435
278370
157103
39759
31070
683419
622596
389163
827217
99586
762833
231301
967318
348495
541517
129939
413689
677456
160881
579673
500537
845489
725020
868842
7034
247396
436034
488311
373877
784046
950072
780626
104710
192418
220994
41298
566170
951744
816406
589746
463321
31121
770625
750051
117800
14444
794209
909868
2414
662336
310207
990488
215528
208243
780016
420799
657893
738200
387718
70131
793122
918953
579940
344994
620474
614251
386931
842027
185856
881308
404743
955829
636797
319176
210584
3260
803360
220881
734803
278042
624788
549730
148791
971414
181643
377382
301580
282336
86471
125806
645577
734796
794941
163677
206372
854479
265483
146874
241053
566797
303962
556276
555018
334785
922932
521663
380828
99802
794383
875672
849732
102719
934629
840072
957421
805457
390353
532986
441858
127097
307897
956710
332392
10904
224035
915608
887206
578658
107998
758044
220558
101841
423804
614399
785966
191977
31320
837323
923492
913081
63443
243897
463614
547345
511991
539085
249775
876164
362298
669773
453
67700
506315
56940
986350
563138
743281
716989
936591
312091
856293
408096
103863
844004
453253
124028
655685
286911
465436
171875
917047
31225
29532
446032
926141
524557
672084
22206
68129
31974
447324
774213
359339
447072
496055
854395
732155
344935
558128
731182
320847
750013
725764
729871
398117
950262
308650
101997
897939
472796
45511
744740
176991
829229
10841
338199
831760
827727
538879
359011
372076
715448
302056
299741
449145
83287
67998
956437
657491
303306
481612
674075
236786
804024
